Speciesism score
----------------
N=10
mean=1.2333333333333334
std=0.34426518632954817