Speciesism score
----------------
N=10
mean=1.4833333333333334
std=0.2881400551086653